All the 92 solutions :-

1)Solution
Cost= 2056
1 0 0 0 0 0 0 0 
0 0 0 0 1 0 0 0 
0 0 0 0 0 0 0 1 
0 0 0 0 0 1 0 0 
0 0 1 0 0 0 0 0 
0 0 0 0 0 0 1 0 
0 1 0 0 0 0 0 0 
0 0 0 1 0 0 0 0 

2)Solution
Cost= 2056
1 0 0 0 0 0 0 0 
0 0 0 0 0 1 0 0 
0 0 0 0 0 0 0 1 
0 0 1 0 0 0 0 0 
0 0 0 0 0 0 1 0 
0 0 0 1 0 0 0 0 
0 1 0 0 0 0 0 0 
0 0 0 0 1 0 0 0 

3)Solution
Cost= 2056
1 0 0 0 0 0 0 0 
0 0 0 0 0 0 1 0 
0 0 0 1 0 0 0 0 
0 0 0 0 0 1 0 0 
0 0 0 0 0 0 0 1 
0 1 0 0 0 0 0 0 
0 0 0 0 1 0 0 0 
0 0 1 0 0 0 0 0 

4)Solution
Cost= 2056
1 0 0 0 0 0 0 0 
0 0 0 0 0 0 1 0 
0 0 0 0 1 0 0 0 
0 0 0 0 0 0 0 1 
0 1 0 0 0 0 0 0 
0 0 0 1 0 0 0 0 
0 0 0 0 0 1 0 0 
0 0 1 0 0 0 0 0 

5)Solution
Cost= 2056
0 1 0 0 0 0 0 0 
0 0 0 1 0 0 0 0 
0 0 0 0 0 1 0 0 
0 0 0 0 0 0 0 1 
0 0 1 0 0 0 0 0 
1 0 0 0 0 0 0 0 
0 0 0 0 0 0 1 0 
0 0 0 0 1 0 0 0 

6)Solution
Cost= 2056
0 1 0 0 0 0 0 0 
0 0 0 0 1 0 0 0 
0 0 0 0 0 0 1 0 
1 0 0 0 0 0 0 0 
0 0 1 0 0 0 0 0 
0 0 0 0 0 0 0 1 
0 0 0 0 0 1 0 0 
0 0 0 1 0 0 0 0 

7)Solution
Cost= 2056
0 1 0 0 0 0 0 0 
0 0 0 0 1 0 0 0 
0 0 0 0 0 0 1 0 
0 0 0 1 0 0 0 0 
1 0 0 0 0 0 0 0 
0 0 0 0 0 0 0 1 
0 0 0 0 0 1 0 0 
0 0 1 0 0 0 0 0 

8)Solution
Cost= 2056
0 1 0 0 0 0 0 0 
0 0 0 0 0 1 0 0 
1 0 0 0 0 0 0 0 
0 0 0 0 0 0 1 0 
0 0 0 1 0 0 0 0 
0 0 0 0 0 0 0 1 
0 0 1 0 0 0 0 0 
0 0 0 0 1 0 0 0 

9)Solution
Cost= 2056
0 1 0 0 0 0 0 0 
0 0 0 0 0 1 0 0 
0 0 0 0 0 0 0 1 
0 0 1 0 0 0 0 0 
1 0 0 0 0 0 0 0 
0 0 0 1 0 0 0 0 
0 0 0 0 0 0 1 0 
0 0 0 0 1 0 0 0 

10)Solution
Cost= 2056
0 1 0 0 0 0 0 0 
0 0 0 0 0 0 1 0 
0 0 1 0 0 0 0 0 
0 0 0 0 0 1 0 0 
0 0 0 0 0 0 0 1 
0 0 0 0 1 0 0 0 
1 0 0 0 0 0 0 0 
0 0 0 1 0 0 0 0 

11)Solution
Cost= 2056
0 1 0 0 0 0 0 0 
0 0 0 0 0 0 1 0 
0 0 0 0 1 0 0 0 
0 0 0 0 0 0 0 1 
1 0 0 0 0 0 0 0 
0 0 0 1 0 0 0 0 
0 0 0 0 0 1 0 0 
0 0 1 0 0 0 0 0 

12)Solution
Cost= 2056
0 1 0 0 0 0 0 0 
0 0 0 0 0 0 0 1 
0 0 0 0 0 1 0 0 
1 0 0 0 0 0 0 0 
0 0 1 0 0 0 0 0 
0 0 0 0 1 0 0 0 
0 0 0 0 0 0 1 0 
0 0 0 1 0 0 0 0 

13)Solution
Cost= 2056
0 0 1 0 0 0 0 0 
1 0 0 0 0 0 0 0 
0 0 0 0 0 0 1 0 
0 0 0 0 1 0 0 0 
0 0 0 0 0 0 0 1 
0 1 0 0 0 0 0 0 
0 0 0 1 0 0 0 0 
0 0 0 0 0 1 0 0 

14)Solution
Cost= 2056
0 0 1 0 0 0 0 0 
0 0 0 0 1 0 0 0 
0 1 0 0 0 0 0 0 
0 0 0 0 0 0 0 1 
1 0 0 0 0 0 0 0 
0 0 0 0 0 0 1 0 
0 0 0 1 0 0 0 0 
0 0 0 0 0 1 0 0 

15)Solution
Cost= 2056
0 0 1 0 0 0 0 0 
0 0 0 0 1 0 0 0 
0 1 0 0 0 0 0 0 
0 0 0 0 0 0 0 1 
0 0 0 0 0 1 0 0 
0 0 0 1 0 0 0 0 
0 0 0 0 0 0 1 0 
1 0 0 0 0 0 0 0 

16)Solution
Cost= 2056
0 0 1 0 0 0 0 0 
0 0 0 0 1 0 0 0 
0 0 0 0 0 0 1 0 
1 0 0 0 0 0 0 0 
0 0 0 1 0 0 0 0 
0 1 0 0 0 0 0 0 
0 0 0 0 0 0 0 1 
0 0 0 0 0 1 0 0 

17)Solution
Cost= 2056
0 0 1 0 0 0 0 0 
0 0 0 0 1 0 0 0 
0 0 0 0 0 0 0 1 
0 0 0 1 0 0 0 0 
1 0 0 0 0 0 0 0 
0 0 0 0 0 0 1 0 
0 1 0 0 0 0 0 0 
0 0 0 0 0 1 0 0 

18)Solution
Cost= 2056
0 0 1 0 0 0 0 0 
0 0 0 0 0 1 0 0 
0 1 0 0 0 0 0 0 
0 0 0 0 1 0 0 0 
0 0 0 0 0 0 0 1 
1 0 0 0 0 0 0 0 
0 0 0 0 0 0 1 0 
0 0 0 1 0 0 0 0 

19)Solution
Cost= 2056
0 0 1 0 0 0 0 0 
0 0 0 0 0 1 0 0 
0 1 0 0 0 0 0 0 
0 0 0 0 0 0 1 0 
1 0 0 0 0 0 0 0 
0 0 0 1 0 0 0 0 
0 0 0 0 0 0 0 1 
0 0 0 0 1 0 0 0 

20)Solution
Cost= 2056
0 0 1 0 0 0 0 0 
0 0 0 0 0 1 0 0 
0 1 0 0 0 0 0 0 
0 0 0 0 0 0 1 0 
0 0 0 0 1 0 0 0 
1 0 0 0 0 0 0 0 
0 0 0 0 0 0 0 1 
0 0 0 1 0 0 0 0 

21)Solution
Cost= 2056
0 0 1 0 0 0 0 0 
0 0 0 0 0 1 0 0 
0 0 0 1 0 0 0 0 
1 0 0 0 0 0 0 0 
0 0 0 0 0 0 0 1 
0 0 0 0 1 0 0 0 
0 0 0 0 0 0 1 0 
0 1 0 0 0 0 0 0 

22)Solution
Cost= 2056
0 0 1 0 0 0 0 0 
0 0 0 0 0 1 0 0 
0 0 0 1 0 0 0 0 
0 1 0 0 0 0 0 0 
0 0 0 0 0 0 0 1 
0 0 0 0 1 0 0 0 
0 0 0 0 0 0 1 0 
1 0 0 0 0 0 0 0 

23)Solution
Cost= 2056
0 0 1 0 0 0 0 0 
0 0 0 0 0 1 0 0 
0 0 0 0 0 0 0 1 
1 0 0 0 0 0 0 0 
0 0 0 1 0 0 0 0 
0 0 0 0 0 0 1 0 
0 0 0 0 1 0 0 0 
0 1 0 0 0 0 0 0 

24)Solution
Cost= 2056
0 0 1 0 0 0 0 0 
0 0 0 0 0 1 0 0 
0 0 0 0 0 0 0 1 
1 0 0 0 0 0 0 0 
0 0 0 0 1 0 0 0 
0 0 0 0 0 0 1 0 
0 1 0 0 0 0 0 0 
0 0 0 1 0 0 0 0 

25)Solution
Cost= 2056
0 0 1 0 0 0 0 0 
0 0 0 0 0 1 0 0 
0 0 0 0 0 0 0 1 
0 1 0 0 0 0 0 0 
0 0 0 1 0 0 0 0 
1 0 0 0 0 0 0 0 
0 0 0 0 0 0 1 0 
0 0 0 0 1 0 0 0 

26)Solution
Cost= 2056
0 0 1 0 0 0 0 0 
0 0 0 0 0 0 1 0 
0 1 0 0 0 0 0 0 
0 0 0 0 0 0 0 1 
0 0 0 0 1 0 0 0 
1 0 0 0 0 0 0 0 
0 0 0 1 0 0 0 0 
0 0 0 0 0 1 0 0 

27)Solution
Cost= 2056
0 0 1 0 0 0 0 0 
0 0 0 0 0 0 1 0 
0 1 0 0 0 0 0 0 
0 0 0 0 0 0 0 1 
0 0 0 0 0 1 0 0 
0 0 0 1 0 0 0 0 
1 0 0 0 0 0 0 0 
0 0 0 0 1 0 0 0 

28)Solution
Cost= 2056
0 0 1 0 0 0 0 0 
0 0 0 0 0 0 0 1 
0 0 0 1 0 0 0 0 
0 0 0 0 0 0 1 0 
1 0 0 0 0 0 0 0 
0 0 0 0 0 1 0 0 
0 1 0 0 0 0 0 0 
0 0 0 0 1 0 0 0 

29)Solution
Cost= 2056
0 0 0 1 0 0 0 0 
1 0 0 0 0 0 0 0 
0 0 0 0 1 0 0 0 
0 0 0 0 0 0 0 1 
0 1 0 0 0 0 0 0 
0 0 0 0 0 0 1 0 
0 0 1 0 0 0 0 0 
0 0 0 0 0 1 0 0 

30)Solution
Cost= 2056
0 0 0 1 0 0 0 0 
1 0 0 0 0 0 0 0 
0 0 0 0 1 0 0 0 
0 0 0 0 0 0 0 1 
0 0 0 0 0 1 0 0 
0 0 1 0 0 0 0 0 
0 0 0 0 0 0 1 0 
0 1 0 0 0 0 0 0 

31)Solution
Cost= 2056
0 0 0 1 0 0 0 0 
0 1 0 0 0 0 0 0 
0 0 0 0 1 0 0 0 
0 0 0 0 0 0 0 1 
0 0 0 0 0 1 0 0 
1 0 0 0 0 0 0 0 
0 0 1 0 0 0 0 0 
0 0 0 0 0 0 1 0 

32)Solution
Cost= 2056
0 0 0 1 0 0 0 0 
0 1 0 0 0 0 0 0 
0 0 0 0 0 0 1 0 
0 0 1 0 0 0 0 0 
0 0 0 0 0 1 0 0 
0 0 0 0 0 0 0 1 
1 0 0 0 0 0 0 0 
0 0 0 0 1 0 0 0 

33)Solution
Cost= 2056
0 0 0 1 0 0 0 0 
0 1 0 0 0 0 0 0 
0 0 0 0 0 0 1 0 
0 0 1 0 0 0 0 0 
0 0 0 0 0 1 0 0 
0 0 0 0 0 0 0 1 
0 0 0 0 1 0 0 0 
1 0 0 0 0 0 0 0 

34)Solution
Cost= 2056
0 0 0 1 0 0 0 0 
0 1 0 0 0 0 0 0 
0 0 0 0 0 0 1 0 
0 0 0 0 1 0 0 0 
1 0 0 0 0 0 0 0 
0 0 0 0 0 0 0 1 
0 0 0 0 0 1 0 0 
0 0 1 0 0 0 0 0 

35)Solution
Cost= 2056
0 0 0 1 0 0 0 0 
0 1 0 0 0 0 0 0 
0 0 0 0 0 0 0 1 
0 0 0 0 1 0 0 0 
0 0 0 0 0 0 1 0 
1 0 0 0 0 0 0 0 
0 0 1 0 0 0 0 0 
0 0 0 0 0 1 0 0 

36)Solution
Cost= 2056
0 0 0 1 0 0 0 0 
0 1 0 0 0 0 0 0 
0 0 0 0 0 0 0 1 
0 0 0 0 0 1 0 0 
1 0 0 0 0 0 0 0 
0 0 1 0 0 0 0 0 
0 0 0 0 1 0 0 0 
0 0 0 0 0 0 1 0 

37)Solution
Cost= 2056
0 0 0 1 0 0 0 0 
0 0 0 0 0 1 0 0 
1 0 0 0 0 0 0 0 
0 0 0 0 1 0 0 0 
0 1 0 0 0 0 0 0 
0 0 0 0 0 0 0 1 
0 0 1 0 0 0 0 0 
0 0 0 0 0 0 1 0 

38)Solution
Cost= 2056
0 0 0 1 0 0 0 0 
0 0 0 0 0 1 0 0 
0 0 0 0 0 0 0 1 
0 1 0 0 0 0 0 0 
0 0 0 0 0 0 1 0 
1 0 0 0 0 0 0 0 
0 0 1 0 0 0 0 0 
0 0 0 0 1 0 0 0 

39)Solution
Cost= 2056
0 0 0 1 0 0 0 0 
0 0 0 0 0 1 0 0 
0 0 0 0 0 0 0 1 
0 0 1 0 0 0 0 0 
1 0 0 0 0 0 0 0 
0 0 0 0 0 0 1 0 
0 0 0 0 1 0 0 0 
0 1 0 0 0 0 0 0 

40)Solution
Cost= 2056
0 0 0 1 0 0 0 0 
0 0 0 0 0 0 1 0 
1 0 0 0 0 0 0 0 
0 0 0 0 0 0 0 1 
0 0 0 0 1 0 0 0 
0 1 0 0 0 0 0 0 
0 0 0 0 0 1 0 0 
0 0 1 0 0 0 0 0 

41)Solution
Cost= 2056
0 0 0 1 0 0 0 0 
0 0 0 0 0 0 1 0 
0 0 1 0 0 0 0 0 
0 0 0 0 0 0 0 1 
0 1 0 0 0 0 0 0 
0 0 0 0 1 0 0 0 
1 0 0 0 0 0 0 0 
0 0 0 0 0 1 0 0 

42)Solution
Cost= 2056
0 0 0 1 0 0 0 0 
0 0 0 0 0 0 1 0 
0 0 0 0 1 0 0 0 
0 1 0 0 0 0 0 0 
0 0 0 0 0 1 0 0 
1 0 0 0 0 0 0 0 
0 0 1 0 0 0 0 0 
0 0 0 0 0 0 0 1 

43)Solution
Cost= 2056
0 0 0 1 0 0 0 0 
0 0 0 0 0 0 1 0 
0 0 0 0 1 0 0 0 
0 0 1 0 0 0 0 0 
1 0 0 0 0 0 0 0 
0 0 0 0 0 1 0 0 
0 0 0 0 0 0 0 1 
0 1 0 0 0 0 0 0 

44)Solution
Cost= 2056
0 0 0 1 0 0 0 0 
0 0 0 0 0 0 0 1 
1 0 0 0 0 0 0 0 
0 0 1 0 0 0 0 0 
0 0 0 0 0 1 0 0 
0 1 0 0 0 0 0 0 
0 0 0 0 0 0 1 0 
0 0 0 0 1 0 0 0 

45)Solution
Cost= 2056
0 0 0 1 0 0 0 0 
0 0 0 0 0 0 0 1 
1 0 0 0 0 0 0 0 
0 0 0 0 1 0 0 0 
0 0 0 0 0 0 1 0 
0 1 0 0 0 0 0 0 
0 0 0 0 0 1 0 0 
0 0 1 0 0 0 0 0 

46)Solution
Cost= 2056
0 0 0 1 0 0 0 0 
0 0 0 0 0 0 0 1 
0 0 0 0 1 0 0 0 
0 0 1 0 0 0 0 0 
1 0 0 0 0 0 0 0 
0 0 0 0 0 0 1 0 
0 1 0 0 0 0 0 0 
0 0 0 0 0 1 0 0 

47)Solution
Cost= 2056
0 0 0 0 1 0 0 0 
1 0 0 0 0 0 0 0 
0 0 0 1 0 0 0 0 
0 0 0 0 0 1 0 0 
0 0 0 0 0 0 0 1 
0 1 0 0 0 0 0 0 
0 0 0 0 0 0 1 0 
0 0 1 0 0 0 0 0 

48)Solution
Cost= 2056
0 0 0 0 1 0 0 0 
1 0 0 0 0 0 0 0 
0 0 0 0 0 0 0 1 
0 0 0 1 0 0 0 0 
0 1 0 0 0 0 0 0 
0 0 0 0 0 0 1 0 
0 0 1 0 0 0 0 0 
0 0 0 0 0 1 0 0 

49)Solution
Cost= 2056
0 0 0 0 1 0 0 0 
1 0 0 0 0 0 0 0 
0 0 0 0 0 0 0 1 
0 0 0 0 0 1 0 0 
0 0 1 0 0 0 0 0 
0 0 0 0 0 0 1 0 
0 1 0 0 0 0 0 0 
0 0 0 1 0 0 0 0 

50)Solution
Cost= 2056
0 0 0 0 1 0 0 0 
0 1 0 0 0 0 0 0 
0 0 0 1 0 0 0 0 
0 0 0 0 0 1 0 0 
0 0 0 0 0 0 0 1 
0 0 1 0 0 0 0 0 
1 0 0 0 0 0 0 0 
0 0 0 0 0 0 1 0 

51)Solution
Cost= 2056
0 0 0 0 1 0 0 0 
0 1 0 0 0 0 0 0 
0 0 0 1 0 0 0 0 
0 0 0 0 0 0 1 0 
0 0 1 0 0 0 0 0 
0 0 0 0 0 0 0 1 
0 0 0 0 0 1 0 0 
1 0 0 0 0 0 0 0 

52)Solution
Cost= 2056
0 0 0 0 1 0 0 0 
0 1 0 0 0 0 0 0 
0 0 0 0 0 1 0 0 
1 0 0 0 0 0 0 0 
0 0 0 0 0 0 1 0 
0 0 0 1 0 0 0 0 
0 0 0 0 0 0 0 1 
0 0 1 0 0 0 0 0 

53)Solution
Cost= 2056
0 0 0 0 1 0 0 0 
0 1 0 0 0 0 0 0 
0 0 0 0 0 0 0 1 
1 0 0 0 0 0 0 0 
0 0 0 1 0 0 0 0 
0 0 0 0 0 0 1 0 
0 0 1 0 0 0 0 0 
0 0 0 0 0 1 0 0 

54)Solution
Cost= 2056
0 0 0 0 1 0 0 0 
0 0 1 0 0 0 0 0 
1 0 0 0 0 0 0 0 
0 0 0 0 0 1 0 0 
0 0 0 0 0 0 0 1 
0 1 0 0 0 0 0 0 
0 0 0 1 0 0 0 0 
0 0 0 0 0 0 1 0 

55)Solution
Cost= 2056
0 0 0 0 1 0 0 0 
0 0 1 0 0 0 0 0 
1 0 0 0 0 0 0 0 
0 0 0 0 0 0 1 0 
0 1 0 0 0 0 0 0 
0 0 0 0 0 0 0 1 
0 0 0 0 0 1 0 0 
0 0 0 1 0 0 0 0 

56)Solution
Cost= 2056
0 0 0 0 1 0 0 0 
0 0 1 0 0 0 0 0 
0 0 0 0 0 0 0 1 
0 0 0 1 0 0 0 0 
0 0 0 0 0 0 1 0 
1 0 0 0 0 0 0 0 
0 0 0 0 0 1 0 0 
0 1 0 0 0 0 0 0 

57)Solution
Cost= 2056
0 0 0 0 1 0 0 0 
0 0 0 0 0 0 1 0 
1 0 0 0 0 0 0 0 
0 0 1 0 0 0 0 0 
0 0 0 0 0 0 0 1 
0 0 0 0 0 1 0 0 
0 0 0 1 0 0 0 0 
0 1 0 0 0 0 0 0 

58)Solution
Cost= 2056
0 0 0 0 1 0 0 0 
0 0 0 0 0 0 1 0 
1 0 0 0 0 0 0 0 
0 0 0 1 0 0 0 0 
0 1 0 0 0 0 0 0 
0 0 0 0 0 0 0 1 
0 0 0 0 0 1 0 0 
0 0 1 0 0 0 0 0 

59)Solution
Cost= 2056
0 0 0 0 1 0 0 0 
0 0 0 0 0 0 1 0 
0 1 0 0 0 0 0 0 
0 0 0 1 0 0 0 0 
0 0 0 0 0 0 0 1 
1 0 0 0 0 0 0 0 
0 0 1 0 0 0 0 0 
0 0 0 0 0 1 0 0 

60)Solution
Cost= 2056
0 0 0 0 1 0 0 0 
0 0 0 0 0 0 1 0 
0 1 0 0 0 0 0 0 
0 0 0 0 0 1 0 0 
0 0 1 0 0 0 0 0 
1 0 0 0 0 0 0 0 
0 0 0 1 0 0 0 0 
0 0 0 0 0 0 0 1 

61)Solution
Cost= 2056
0 0 0 0 1 0 0 0 
0 0 0 0 0 0 1 0 
0 1 0 0 0 0 0 0 
0 0 0 0 0 1 0 0 
0 0 1 0 0 0 0 0 
1 0 0 0 0 0 0 0 
0 0 0 0 0 0 0 1 
0 0 0 1 0 0 0 0 

62)Solution
Cost= 2056
0 0 0 0 1 0 0 0 
0 0 0 0 0 0 1 0 
0 0 0 1 0 0 0 0 
1 0 0 0 0 0 0 0 
0 0 1 0 0 0 0 0 
0 0 0 0 0 0 0 1 
0 0 0 0 0 1 0 0 
0 1 0 0 0 0 0 0 

63)Solution
Cost= 2056
0 0 0 0 1 0 0 0 
0 0 0 0 0 0 0 1 
0 0 0 1 0 0 0 0 
1 0 0 0 0 0 0 0 
0 0 1 0 0 0 0 0 
0 0 0 0 0 1 0 0 
0 1 0 0 0 0 0 0 
0 0 0 0 0 0 1 0 

64)Solution
Cost= 2056
0 0 0 0 1 0 0 0 
0 0 0 0 0 0 0 1 
0 0 0 1 0 0 0 0 
1 0 0 0 0 0 0 0 
0 0 0 0 0 0 1 0 
0 1 0 0 0 0 0 0 
0 0 0 0 0 1 0 0 
0 0 1 0 0 0 0 0 

65)Solution
Cost= 2056
0 0 0 0 0 1 0 0 
1 0 0 0 0 0 0 0 
0 0 0 0 1 0 0 0 
0 1 0 0 0 0 0 0 
0 0 0 0 0 0 0 1 
0 0 1 0 0 0 0 0 
0 0 0 0 0 0 1 0 
0 0 0 1 0 0 0 0 

66)Solution
Cost= 2056
0 0 0 0 0 1 0 0 
0 1 0 0 0 0 0 0 
0 0 0 0 0 0 1 0 
1 0 0 0 0 0 0 0 
0 0 1 0 0 0 0 0 
0 0 0 0 1 0 0 0 
0 0 0 0 0 0 0 1 
0 0 0 1 0 0 0 0 

67)Solution
Cost= 2056
0 0 0 0 0 1 0 0 
0 1 0 0 0 0 0 0 
0 0 0 0 0 0 1 0 
1 0 0 0 0 0 0 0 
0 0 0 1 0 0 0 0 
0 0 0 0 0 0 0 1 
0 0 0 0 1 0 0 0 
0 0 1 0 0 0 0 0 

68)Solution
Cost= 2056
0 0 0 0 0 1 0 0 
0 0 1 0 0 0 0 0 
1 0 0 0 0 0 0 0 
0 0 0 0 0 0 1 0 
0 0 0 0 1 0 0 0 
0 0 0 0 0 0 0 1 
0 1 0 0 0 0 0 0 
0 0 0 1 0 0 0 0 

69)Solution
Cost= 2056
0 0 0 0 0 1 0 0 
0 0 1 0 0 0 0 0 
1 0 0 0 0 0 0 0 
0 0 0 0 0 0 0 1 
0 0 0 1 0 0 0 0 
0 1 0 0 0 0 0 0 
0 0 0 0 0 0 1 0 
0 0 0 0 1 0 0 0 

70)Solution
Cost= 2056
0 0 0 0 0 1 0 0 
0 0 1 0 0 0 0 0 
1 0 0 0 0 0 0 0 
0 0 0 0 0 0 0 1 
0 0 0 0 1 0 0 0 
0 1 0 0 0 0 0 0 
0 0 0 1 0 0 0 0 
0 0 0 0 0 0 1 0 

71)Solution
Cost= 2056
0 0 0 0 0 1 0 0 
0 0 1 0 0 0 0 0 
0 0 0 0 1 0 0 0 
0 0 0 0 0 0 1 0 
1 0 0 0 0 0 0 0 
0 0 0 1 0 0 0 0 
0 1 0 0 0 0 0 0 
0 0 0 0 0 0 0 1 

72)Solution
Cost= 2056
0 0 0 0 0 1 0 0 
0 0 1 0 0 0 0 0 
0 0 0 0 1 0 0 0 
0 0 0 0 0 0 0 1 
1 0 0 0 0 0 0 0 
0 0 0 1 0 0 0 0 
0 1 0 0 0 0 0 0 
0 0 0 0 0 0 1 0 

73)Solution
Cost= 2056
0 0 0 0 0 1 0 0 
0 0 1 0 0 0 0 0 
0 0 0 0 0 0 1 0 
0 1 0 0 0 0 0 0 
0 0 0 1 0 0 0 0 
0 0 0 0 0 0 0 1 
1 0 0 0 0 0 0 0 
0 0 0 0 1 0 0 0 

74)Solution
Cost= 2056
0 0 0 0 0 1 0 0 
0 0 1 0 0 0 0 0 
0 0 0 0 0 0 1 0 
0 1 0 0 0 0 0 0 
0 0 0 0 0 0 0 1 
0 0 0 0 1 0 0 0 
1 0 0 0 0 0 0 0 
0 0 0 1 0 0 0 0 

75)Solution
Cost= 2056
0 0 0 0 0 1 0 0 
0 0 1 0 0 0 0 0 
0 0 0 0 0 0 1 0 
0 0 0 1 0 0 0 0 
1 0 0 0 0 0 0 0 
0 0 0 0 0 0 0 1 
0 1 0 0 0 0 0 0 
0 0 0 0 1 0 0 0 

76)Solution
Cost= 2056
0 0 0 0 0 1 0 0 
0 0 0 1 0 0 0 0 
1 0 0 0 0 0 0 0 
0 0 0 0 1 0 0 0 
0 0 0 0 0 0 0 1 
0 1 0 0 0 0 0 0 
0 0 0 0 0 0 1 0 
0 0 1 0 0 0 0 0 

77)Solution
Cost= 2056
0 0 0 0 0 1 0 0 
0 0 0 1 0 0 0 0 
0 1 0 0 0 0 0 0 
0 0 0 0 0 0 0 1 
0 0 0 0 1 0 0 0 
0 0 0 0 0 0 1 0 
1 0 0 0 0 0 0 0 
0 0 1 0 0 0 0 0 

78)Solution
Cost= 2056
0 0 0 0 0 1 0 0 
0 0 0 1 0 0 0 0 
0 0 0 0 0 0 1 0 
1 0 0 0 0 0 0 0 
0 0 1 0 0 0 0 0 
0 0 0 0 1 0 0 0 
0 1 0 0 0 0 0 0 
0 0 0 0 0 0 0 1 

79)Solution
Cost= 2056
0 0 0 0 0 1 0 0 
0 0 0 1 0 0 0 0 
0 0 0 0 0 0 1 0 
1 0 0 0 0 0 0 0 
0 0 0 0 0 0 0 1 
0 1 0 0 0 0 0 0 
0 0 0 0 1 0 0 0 
0 0 1 0 0 0 0 0 

80)Solution
Cost= 2056
0 0 0 0 0 1 0 0 
0 0 0 0 0 0 0 1 
0 1 0 0 0 0 0 0 
0 0 0 1 0 0 0 0 
1 0 0 0 0 0 0 0 
0 0 0 0 0 0 1 0 
0 0 0 0 1 0 0 0 
0 0 1 0 0 0 0 0 

81)Solution
Cost= 2056
0 0 0 0 0 0 1 0 
1 0 0 0 0 0 0 0 
0 0 1 0 0 0 0 0 
0 0 0 0 0 0 0 1 
0 0 0 0 0 1 0 0 
0 0 0 1 0 0 0 0 
0 1 0 0 0 0 0 0 
0 0 0 0 1 0 0 0 

82)Solution
Cost= 2056
0 0 0 0 0 0 1 0 
0 1 0 0 0 0 0 0 
0 0 0 1 0 0 0 0 
1 0 0 0 0 0 0 0 
0 0 0 0 0 0 0 1 
0 0 0 0 1 0 0 0 
0 0 1 0 0 0 0 0 
0 0 0 0 0 1 0 0 

83)Solution
Cost= 2056
0 0 0 0 0 0 1 0 
0 1 0 0 0 0 0 0 
0 0 0 0 0 1 0 0 
0 0 1 0 0 0 0 0 
1 0 0 0 0 0 0 0 
0 0 0 1 0 0 0 0 
0 0 0 0 0 0 0 1 
0 0 0 0 1 0 0 0 

84)Solution
Cost= 2056
0 0 0 0 0 0 1 0 
0 0 1 0 0 0 0 0 
1 0 0 0 0 0 0 0 
0 0 0 0 0 1 0 0 
0 0 0 0 0 0 0 1 
0 0 0 0 1 0 0 0 
0 1 0 0 0 0 0 0 
0 0 0 1 0 0 0 0 

85)Solution
Cost= 2056
0 0 0 0 0 0 1 0 
0 0 1 0 0 0 0 0 
0 0 0 0 0 0 0 1 
0 1 0 0 0 0 0 0 
0 0 0 0 1 0 0 0 
1 0 0 0 0 0 0 0 
0 0 0 0 0 1 0 0 
0 0 0 1 0 0 0 0 

86)Solution
Cost= 2056
0 0 0 0 0 0 1 0 
0 0 0 1 0 0 0 0 
0 1 0 0 0 0 0 0 
0 0 0 0 1 0 0 0 
0 0 0 0 0 0 0 1 
1 0 0 0 0 0 0 0 
0 0 1 0 0 0 0 0 
0 0 0 0 0 1 0 0 

87)Solution
Cost= 2056
0 0 0 0 0 0 1 0 
0 0 0 1 0 0 0 0 
0 1 0 0 0 0 0 0 
0 0 0 0 0 0 0 1 
0 0 0 0 0 1 0 0 
1 0 0 0 0 0 0 0 
0 0 1 0 0 0 0 0 
0 0 0 0 1 0 0 0 

88)Solution
Cost= 2056
0 0 0 0 0 0 1 0 
0 0 0 0 1 0 0 0 
0 0 1 0 0 0 0 0 
1 0 0 0 0 0 0 0 
0 0 0 0 0 1 0 0 
0 0 0 0 0 0 0 1 
0 1 0 0 0 0 0 0 
0 0 0 1 0 0 0 0 

89)Solution
Cost= 2056
0 0 0 0 0 0 0 1 
0 1 0 0 0 0 0 0 
0 0 0 1 0 0 0 0 
1 0 0 0 0 0 0 0 
0 0 0 0 0 0 1 0 
0 0 0 0 1 0 0 0 
0 0 1 0 0 0 0 0 
0 0 0 0 0 1 0 0 

90)Solution
Cost= 2056
0 0 0 0 0 0 0 1 
0 1 0 0 0 0 0 0 
0 0 0 0 1 0 0 0 
0 0 1 0 0 0 0 0 
1 0 0 0 0 0 0 0 
0 0 0 0 0 0 1 0 
0 0 0 1 0 0 0 0 
0 0 0 0 0 1 0 0 

91)Solution
Cost= 2056
0 0 0 0 0 0 0 1 
0 0 1 0 0 0 0 0 
1 0 0 0 0 0 0 0 
0 0 0 0 0 1 0 0 
0 1 0 0 0 0 0 0 
0 0 0 0 1 0 0 0 
0 0 0 0 0 0 1 0 
0 0 0 1 0 0 0 0 

92)Solution
Cost= 2056
0 0 0 0 0 0 0 1 
0 0 0 1 0 0 0 0 
1 0 0 0 0 0 0 0 
0 0 1 0 0 0 0 0 
0 0 0 0 0 1 0 0 
0 1 0 0 0 0 0 0 
0 0 0 0 0 0 1 0 
0 0 0 0 1 0 0 0 
